00000000011111110000000001111111
00000000000000000000000001111100
00000000000000000111111100000000
00000000000000000111111100000000
00000100000000000000000000000000
00000000011111110111111100000000
00000000000000000001101100000000
01111111000000000000000000010001
00000000011111110111111100000000
01110001001100110000000001111111
01111111000000000111111100000000
00110011000000000000000000011101
00000000000000000111111101111111
00000000000000000111111100000000
00000000011111110000000000000000
00000000000000000111111100000000
00000000000000000000000000000000
00000101000000000110110000000000
00000000000000000000000000000000
01111111000000000111111100000000
00000000011111110000000001111111
01111111000000000111111100000000
00000000011111110000100000000000
01111111000000000110010000000000
00000000011111110000000000000000
00000000000000000000000000000000
00000000000000000000000000011011
00000000000000000111111100000000
01111111000000000000000000000000
00000000011111110000000000000000
00000000011101000000000000000000
00000000000000000000000000000000
00100100001101000000000001111111
01111111011111110000000001000001
01111111011111110100100100000000
01111111011100010111111101011111
01111111011111110111111101111111
00000000011111110000000001001101
01111111011101000111111101111111
01111111000000000111111101111111
00000000010011000000000000111101
00000000000000000000000000111010
00000000011111110000000000000000
01111111011100000111110001100000
01111111000000000000000000000000
00000000001100000000000000000000
01111111010111110110010001111111
01111000011111110001010100000000
00000000000000000100110001001001
00000000000000000000000000111101
00000000000000000000001100000000
01110001000000000110110100000000
01100010000000000000010100000000
00000000000011110000000001111111
00000000000000000000000001000011
01111111000000000110101000000000
00000000011111110000000001001110
00000000000000000000000001111111
00000001001110000000000001111010
00000000000000000000101000000000
00001101000000000000000000000000
01111111010100110111110001110101
00000000011111110010001100000000
00000000000000000000000000000000
00000000000000000111111101111111
00000000000000000111110000000000
01111111011111110000000001000011
01111111011111110000000001111111
01111111011111110111111100000000
01111111011111110000000000110100
01111111001011110111111101111111
00000000011111110000000000001011
00000000001111100111111100100010
01111111000000000100001001111111
00000000000000000111111101111111
01111111000000000000000001111111
01111111000000000000000000000000
01111111000000000101010101111111
01111111001000000110100001111111
00000000011111110000000001010111
01001101011111110000000000000000
00000000000010000101000000000000
00000000000000000111111100000000
00100100000000000111111100000000
00000000000000000000000001111111
00000000000000000111111100000010
00000000000000000000000000000000
01111111000000000101101100000000
00000000000000000000000000101010
00000000011111110111111100000000
01111111000000000110010000000000
01010010000010010000000000000000
00000000000000000000000001111111
00000000011111110110000100000000
00000000011111110100011000000000
00111010000000000000000000000000
00000000000100100000000000000000
01111111000000000000000000000000
01111111000000000111111101111111
00000000000000000111111100000000
01111111011111110000000001011000
01111111000000000000000000000000
00000000000000000000000000000000
00110001000000000000000001110100
00110101000101100000000000000000
00000000011111110000000000000000
01111111000000000000000000000000
00000000011111110011010000000000
00000000011111000000000000000000
01111111000000000000000000000000
00000000000000000000000000000000
01111111000110110000000001101001
00000000000000000111111101111111
00000000001101110010110000000000
00000000010000100000000000000000
01111111011111110000000000000000
00000000000000000000000000000000
01111111011111110111111100000000
00100000011111110111111100000000
00000000011111110000000000000000
00000000011011000111111100000000
00000000000000000000000001111111
00000000001011110111111100000101
01111111000000000000000000000000
00000000000000000000000000000000
01111111000000000111111100100011
01111111000000000000000000000000
00000000001111000000000000000000
