01100000001011011001001000000001
10000001010101111110001010000111
01110011000111000010101000110000
01011110101101000001000000010011
01100111011111110000000001100111
10101100100101001100111100010101
00111000000110001001111100010110
00011000111111111011010100110011
10010110000011001110010010001010
10010011110001101001100111001110
10100010010110001100001110101101
10011110110011110010111000100100
01100011100100001111111110100101
10110001001011101010110110100001
01000111000000010101011101000110
00010110010101011011000000010000
10000001001111010101010111011100
10110011101001100010111110110001
00000100000001111010101100110101
00111001101011010001101010111010
10111000000000011101111110111010
01000110100001110001000100100001
01000111001001110000101111010100
10000011101101001100101000010111
00100010100000010000000110000101
10101101110101010101001110101001
00101011000101100010000000001100
11111111010111101011011010010110
11101101100001001100111010010011
00000111000010100110110011111111
01111111010000011010100010011010
10000001001001001101000100000011
01001110100101011010001100001010
00001010000101010000010110101110
11101110000011111111111101010000
01100001001011110010100010001100
00001100010000100011111011011101
11000111011001010001011100101110
01010001000110111000111010101111
10010110010100110001011010101110
00010000101100000100110000010010
00001000101100110000100000110011
11100111100111000010110100010001
10011100101010101110001100101011
00011001110101101000011010111010
00011110011111001011001100101010
01111111000101001010111010010001
00000011101001001011111110111001
