01100000001011011110111000000001
11111111010101111001111011111001
01110011000111000010101000110000
01011110110011000001000000010011
01100111011111110000000001100111
11010100111011001011000100010101
00111000000110001110000100010110
00011000100000011100101100110011
11101010000011001001110011110110
11101101101110101110011110110010
11011110010110001011110111010011
11100010101100010010111000100100
01100011111100001000000111011011
11001111001011101101001111011111
01000111000000010101011101000110
00010110010101011101000000010000
11111111001111010101010110100100
11001101110110100010111111001111
00000100000001111101010100110101
00111001110100110001101011000110
11001000000000011010000111000110
01000110111110010001000100100001
01000111001001110000101110101100
11111101110011001011011000010111
00100010111111110000000111111011
11010011101010110101001111010111
00101011000101100010000000001100
10000001010111101100101011101010
10010011111111001011001011101101
00000111000010100110110010000001
01111111010000011101100011100110
11111111001001001010111100000011
01001110111010111101110100001010
00001010000101010000010111010010
10010010000011111000000101010000
01100001001011110010100011110100
00001100010000100011111010100011
10111001011001010001011100101110
01010001000110111111001011010001
11101010010100110001011011010010
00010000110100000100110000010010
00001000110011010000100000110011
10011001111001000010110100010001
11100100110101101001110100101011
00011001101010101111101011000110
00011110011111001100110100101010
01111111000101001101001011101111
00000011110111001100000111000111
