00000000000000000000000000000010
00000000000000000000000000000000
00000000001101010011000100000000
00111110010000010000000000111100
00000000000101000000000000000000
00000000000000000000000000000000
00000000000000000000000001110001
00000000000000000000000000000000
00000000000000000000000000101000
00000000001001100011100100000000
00000000000000000000000000000000
00000000000001000000000000000000
00101110000101110000000000000000
00000000000001010000000000000000
00000000000010010000000000000000
00110001000000000000000001001000
00011111000000000000111000000000
01010011000000000000001100000000
01110110000000000000000000010000
00110100000000000001010000000000
00000000000000000000000000000000
01000011001111010101011100000000
00000000000000000000000001110111
00000000000000000001111000000000
00000000011010110000000000000000
00000000000000000000000000000000
00000000000000000000000000000000
01001111000000000000000000000000
01001101000000000000000000000000
00010110000010100000000001010000
00000000001001100000000000000000
00000000000000000000000000011001
00000000000000000000000000000000
00000000000000000000000000000000
01100110010010110000000000000000
00000000000000000101000100000111
00000000000000000100000000001101
01001010000000000000000000010110
00000000000000000000000000000000
00000000000000000000000000000000
00000000001101010000000000000000
00000000011111110000000000001010
00000000000000000000000000000000
00000000011010100001010100000000
01110110010101000000000000000000
00000000011110100000000001111111
00000000000000000000000001001011
00000000000000000000000000000000
00000000000000000000000000000000
00000000000000000000000000000101
00000000000001010000000001100111
00000000001010110011000101001000
00000000001101000000000000101011
00000000000000000000000000110011
00000000000000000000000000000000
00000000000000000000000000000000
00000000010000000000000000110110
00000000000100000000111100000000
01111110001001110000000000000000
00001001000000000101110100000000
00000000000011010000000000000000
00000000000000000011111000000000
00000000000000000010010000000000
00000000000000000000000000000000
