00110011010000000010110100000000
00111101010010100011101000000000
00011101000000110010100000101100
00000000000000000000010100000000
00011001010011100011011100111111
00000000000000000101000101000111
00111010001101100011010100000000
00001000000000000101001000001111
00010111000000000010111000101110
00000000001111000000000000101000
00101110000011110010110100110110
01000100010000110011100100100101
01001001000000000000011001001100
01000000000000000011001100101000
00100011000111100010010100111001
00000000000000000010001000101001
