00010000000011110001110100000000
00001101000001100000000000000000
00000000000011110000100100011101
00000000000000000000000100001101
00000001000001000000011000000000
00010001000011010001000100000011
00010111000111100000000000001101
00001111000110110010011000001110
00010001000010000000111000000000
00010111000000010000100000001011
00000000000100100001101000010000
00000111000011000000000000011110
00001100000101000000011100010010
00001100000100100000000000000100
00010000000000000000000000000111
00000000000000100000101100000001
00001111000011000000000000010000
00001010000000000000111000100000
00011000000011110001100000010100
00010000000000000000110000000111
00000111000000000001010000000000
00000000000000000000000000000101
00011011000000000000111100000000
00000000000000000001000000000111
00001110000010010000000000010111
00000000000101110001101000011110
00000000000100010001001000011100
00000010000111000000011100000011
00000000000001000000000000010000
00001101000101010001100000000000
00001010000010100001000000000000
00001010000000000000101000010011
00001110000101100000100100000000
00000101000001100000100100100000
00000000000000000000101000000010
00001110000000100000000000000000
00010001000010000000001000001001
00000000000011100000111000001111
00000110000000110001000100000000
00000000000000110001010100001111
00001110000000000001001100000000
00000000000100010001001000001110
00000101000011100001010000000011
00000000000000000000100100000000
00000000000011010000100100011010
00001101000101110000000000000001
00000000000010010001010000000000
00000000000110010000011000001001
00000110001000110000000000000000
00000000000000000000111100000000
00011100000010100000000000000100
00001010000000000000000000000011
00000101001011000000000000001000
00001101000100000000101100000111
00000000000011010000000000000010
00001111000010110000111000001100
00000000000010110001100100001001
00000000000100100001000100000000
00010011000111110000000000000111
00000000000001100001100100000010
00000000000000000000000000000000
00000000000100100000000100000000
00010011000000000000110100010100
00001001000100110000101000011011
