00000100000011010000001000000000
00000110000000100000010100000000
00000101000000000000100100000000
00000000000000000000000000000000
00000100000010010000100100000101
00000000000000000000100100000111
00000111000010000000010000000000
00000000000000000000001100000001
00000111000000000000100100001001
00000000000011100000000000000111
00001001000000100000100000001001
00000011000001100000011000001010
00001010000000000000000100001100
00001001000000000000010000001001
00001001000010010000101100001001
00000000000000000000010100000110
