00000000000000000000000001111111
01011001010011000111111101111010
01111111011111110000000000000000
00000000000000000111111100000000
01111111000000000111000001111111
00000000011111110000000000000000
01110101000000000000000001110101
00100110000000000111111100000000
00000000000000000000000000000000
00000000011001000000000001111111
00000000000000000010111101010110
01111111011111110000000000000000
00000000000000000100011100000000
00110010000000000111111100010110
00000000011111110000000000111010
01111111000000000000000000000000
00000000011111110101111100000000
00000000000000000000000001111111
00000000000000000000000000110000
01111111000000000000000001111111
00000000001101100111111101111111
01001111000000000111111101111111
00000000011111110111111100000000
01101110000000000000000001111111
00000000000000000000000000000000
00000000000000000101000101111111
00000000000000000111111101111111
00000000000000000000000001111111
01101001000000000001101101111111
00000000000000000111111101111111
01111111000000000000000001110011
00000000000011010000000001000110
00000000001101100111111101111111
01111111011100010111111101100011
00110111000101110000000001111111
00000000000000000111111100000000
01111111000000100000000001111111
00000000011111110000000001111111
00001100000000000010010001111011
00000000000000000111111100000000
01000001001101010110001000000000
01111111000000000111111100000000
00000000011111110010100001011010
01111111011100010000000000000000
00000000011111110111111100000000
00000000000000000111111100000000
01111111010101000000000001101000
01111111011111110111111100000000
00101000000000000000000000000000
00000000011111110000000000000000
01111111011111100000000000000000
00000000000000000000000000000000
01101011000000000000000000000000
00000000011111110000000000010001
00000000000000000000000001111111
00000000000000000111111100000000
00000000011111110111111100000000
01111111000000000000000000000000
00000000001110000000000000000000
01000000000000000000000000000000
00000000011111110000000000000000
01111111000000000111111100000000
01000111000000000000000000000000
00111111000000000111111100000000
01100110000011110111111101111111
00000000000000000010001000000000
00000000011111110111111100000000
00010011000000000111111000000000
01111111000000000000000001100110
00000000000000000111111100000000
01111110000000000000000000000000
01111111000000000000000001100011
01111111000101110010111101111111
00000000011111110000000001100010
01001011000000000111111101100101
00000000011111110111111100000000
00000000001100000111111100100010
00000000000000000000000001111111
00000000011111110111111100000000
00000000000111010000000000001000
01010010011000110000000001010010
00000000011111110111111101111111
00000000011111110111001001000111
01111111011111110000000001111111
01111111011111110111111101111111
00000000011111110111111100000000
00110000011111110111100100000000
00000000001001100111111100101001
01110110011111110000000000000000
01111111000101100111111100000000
00000000011111110111111100110010
01111111000010110001111000000000
00000000011111110110110000000000
00000000011111110000000000000000
00000000000000000100100001010011
01111111011111110111111100000000
00110100000000000000000001111101
00000000001000110000000001010000
00000000000000000111111101111111
01111111000000000111111100000000
01111111000000000000000001111111
00000000011111110000000000000000
00100110000000000000000000000000
01111111000000000111111100000000
00000000000000000111111101100010
00000000010111110000000000000000
00000000011111110000000000000000
00000000000011010111111100000000
00000000000000000111111100001100
01111111000000000000000000000000
00000000011001000000000000000000
01111111000000010000000001111111
01111111011111110111111100000000
00000000000000000000000000000000
00000000000000000000000001100010
00000000000000000111111100000000
00000000011111110101001101100100
00001000010111000000000001111111
01111111011111110000000001111111
01111111000000000000000100000000
00000000011111110000000000000000
00000000011111110000000000000000
00111101011111110101110001111111
00110101000000000111111100010011
01111111000010000101110000000000
00000000000000000111111100000000
00000011011111110101011100000000
00100111000000000100101100000000