01111111011111110101100101111111
01111111011111110111111101111111
00000000010101100111111101111111
01111111010001110111111101111111
01111111010111110111111101111111
01111111011111110110111001111111
00000000011111110000000001111111
01111111011111110000110101111111
00110111011111110111111101111111
01111111011111110111111101111111
01111111011000100111111101111111
01111111011111110111111101111111
01111111000000000111111100000000
01101011011111110111111101111111
01111111011111110111111100000000
01111111000000000111111101111111
01111111011111110001001101111110
01111111011001100111111101111111
01111111011111110111111101111111
01111111011111110001110101111111
01111111011100100111111101111111
01111111011111110111111101111111
01111111011111110111111101111111
01111111011011000111111101111111
00110100011111110111111101111111
01111111011111110111111101111111
01111111011111110101111101111111
01100100011111110111111101111111
01111111011111110000000001111111
01111111011111110111111101111111
01111111011111110111111101111111
01111111010111000010011101111111